 Star Age (yr)    Log L  
  +0.000000  -0.661970
  +0.000000  -0.661956
  +0.000000  -0.661953
  +0.000000  -0.661953
  +0.000000  -0.661953
  +0.000000  -0.661955
  +0.000000  -0.661956
  +0.000000  -0.661959
  +0.000000  -0.661961
  +0.000000  -0.661964
  +0.000000  -0.661968
  +0.000000  -0.661971
  +0.000000  -0.661974
  +0.000000  -0.661978
  +0.000000  -0.661981
  +0.000000  -0.661984
  +0.000000  -0.661987
  +0.000000  -0.661991
  +0.000000  -0.661996
  +0.000000  -0.662000
  +0.000000  -0.662005
  +0.000000  -0.662011
  +0.000000  -0.662018
  +0.000000  -0.662026
  +0.000000  -0.662035
  +0.000000  -0.662046
  +0.000000  -0.662059
  +0.000000  -0.662074
  +0.000000  -0.662092
  +0.000000  -0.662114
  +0.000000  -0.662140
  +0.000000  -0.662171
  +0.000000  -0.662203
  +0.000000  -0.662246
  +0.000000  -0.662299
  +0.000000  -0.662364
  +0.000000  -0.662441
  +0.000000  -0.662534
  +0.000000  -0.662644
  +0.000000  -0.662775
  +0.000000  -0.662933
  +0.000000  -0.663123
  +0.000000  -0.663350
  +0.000000  -0.663620
  +0.000000  -0.663944
  +0.000000  -0.664332
  +0.000000  -0.664795
  +0.000000  -0.665349
  +0.000000  -0.666010
  +0.000000  -0.666798
  +0.000000  -0.667736
  +0.000000  -0.668853
  +0.000000  -0.670179
  +0.000000  -0.671641
  +0.000000  -0.673175
  +0.000000  -0.674748
  +0.000000  -0.676341
  +0.000000  -0.677945
  +0.000000  -0.679557
  +0.000000  -0.681173
  +0.000000  -0.682793
  +0.000000  -0.684416
  +0.000000  -0.686041
  +0.000000  -0.687670
  +0.000000  -0.689300
  +0.000000  -0.690934
  +0.000000  -0.692570
  +0.000000  -0.694208
  +0.000000  -0.695850
  +0.000000  -0.697493
  +0.000000  -0.699140
  +0.000000  -0.700789
  +0.000000  -0.702440
  +0.000000  -0.704094
  +0.000000  -0.705750
  +0.000000  -0.707409
  +0.000000  -0.709070
  +0.000000  -0.710734
  +0.000000  -0.712402
  +0.000000  -0.714070
  +0.000000  -0.715742
  +0.000000  -0.717415
  +0.000000  -0.719091
  +0.000000  -0.720769
  +0.000000  -0.722449
  +0.000000  -0.724132
  +0.000000  -0.725816
  +0.000000  -0.727503
  +0.000000  -0.729191
  +0.000000  -0.730882
  +0.000000  -0.732575
  +0.000000  -0.734269
  +0.000000  -0.735966
  +0.000000  -0.737665
  +0.000000  -0.739365
  +0.000000  -0.741068
  +0.000000  -0.742772
  +0.000000  -0.744479
  +0.000000  -0.746186
  +0.000000  -0.747896
  +0.000000  -0.749608
  +0.000000  -0.751323
  +0.000000  -0.753039
  +0.000000  -0.754757
  +0.000000  -0.756476
  +0.000001  -0.758196
  +0.000001  -0.759919
  +0.000001  -0.761643
  +0.000001  -0.763368
  +0.000001  -0.765095
  +0.000001  -0.766824
  +0.000001  -0.768553
  +0.000001  -0.770285
  +0.000001  -0.772019
  +0.000001  -0.773756
  +0.000001  -0.775494
  +0.000001  -0.777233
  +0.000001  -0.778975
  +0.000001  -0.780720
  +0.000001  -0.782466
  +0.000001  -0.784214
  +0.000001  -0.785963
  +0.000001  -0.787714
  +0.000001  -0.789465
  +0.000001  -0.791217
  +0.000001  -0.792971
  +0.000001  -0.794725
  +0.000001  -0.796481
  +0.000001  -0.798238
  +0.000001  -0.799997
  +0.000001  -0.801757
  +0.000001  -0.803517
  +0.000001  -0.805277
  +0.000001  -0.807039
  +0.000001  -0.808802
  +0.000001  -0.810568
  +0.000001  -0.812336
  +0.000001  -0.814106
  +0.000001  -0.815877
  +0.000001  -0.817649
  +0.000001  -0.819422
  +0.000001  -0.821196
  +0.000001  -0.822971
  +0.000001  -0.824750
  +0.000001  -0.826529
  +0.000001  -0.828311
  +0.000001  -0.830091
  +0.000001  -0.831871
  +0.000001  -0.833650
  +0.000001  -0.835429
  +0.000001  -0.837208
  +0.000001  -0.838988
  +0.000001  -0.840769
  +0.000001  -0.842551
  +0.000001  -0.844334
  +0.000001  -0.846118
  +0.000001  -0.847902
  +0.000001  -0.849687
  +0.000001  -0.851472
  +0.000001  -0.853257
  +0.000001  -0.855043
  +0.000001  -0.856829
  +0.000001  -0.858616
  +0.000002  -0.860402
  +0.000002  -0.862191
  +0.000002  -0.863978
  +0.000002  -0.865768
  +0.000002  -0.867557
  +0.000002  -0.869346
  +0.000002  -0.871135
  +0.000002  -0.872924
  +0.000002  -0.874714
  +0.000002  -0.876505
  +0.000002  -0.878297
  +0.000002  -0.880089
  +0.000002  -0.881883
  +0.000002  -0.883678
  +0.000002  -0.885473
  +0.000002  -0.887267
  +0.000002  -0.889062
  +0.000002  -0.890858
  +0.000002  -0.892654
  +0.000002  -0.894451
  +0.000002  -0.896250
  +0.000002  -0.898049
  +0.000002  -0.899848
  +0.000002  -0.901649
  +0.000002  -0.903450
  +0.000002  -0.905250
  +0.000002  -0.907051
  +0.000002  -0.908851
  +0.000002  -0.910653
  +0.000002  -0.912455
  +0.000002  -0.914258
  +0.000002  -0.916062
  +0.000002  -0.917866
  +0.000002  -0.919671
  +0.000002  -0.921476
  +0.000002  -0.923282
  +0.000003  -0.925087
  +0.000003  -0.926894
  +0.000003  -0.928700
  +0.000003  -0.930506
  +0.000003  -0.932312
  +0.000003  -0.934121
  +0.000003  -0.935930
  +0.000003  -0.937740
  +0.000003  -0.939550
  +0.000003  -0.941359
  +0.000003  -0.943170
  +0.000003  -0.944981
  +0.000003  -0.946793
  +0.000003  -0.948605
  +0.000003  -0.950415
  +0.000003  -0.952225
  +0.000003  -0.954036
  +0.000003  -0.955847
  +0.000003  -0.957658
  +0.000003  -0.959470
  +0.000003  -0.961283
  +0.000003  -0.963094
  +0.000003  -0.964906
  +0.000003  -0.966717
  +0.000003  -0.968527
  +0.000003  -0.970337
  +0.000004  -0.972147
  +0.000004  -0.973956
  +0.000004  -0.975765
  +0.000004  -0.977573
  +0.000004  -0.979381
  +0.000004  -0.981190
  +0.000004  -0.982998
  +0.000004  -0.984808
  +0.000004  -0.986617
  +0.000004  -0.988427
  +0.000004  -0.990235
  +0.000004  -0.992044
  +0.000004  -0.993854
  +0.000004  -0.995663
  +0.000004  -0.997472
  +0.000004  -0.999280
  +0.000004  -1.001086
  +0.000004  -1.002889
  +0.000004  -1.004693
  +0.000004  -1.006494
  +0.000004  -1.008297
  +0.000004  -1.010099
  +0.000005  -1.011902
  +0.000005  -1.013703
  +0.000005  -1.015503
  +0.000005  -1.017304
  +0.000005  -1.019106
  +0.000005  -1.020906
  +0.000005  -1.022704
  +0.000005  -1.024502
  +0.000005  -1.026298
  +0.000005  -1.028094
  +0.000005  -1.029889
  +0.000005  -1.031683
  +0.000005  -1.033474
  +0.000005  -1.035264
  +0.000005  -1.037053
  +0.000005  -1.038837
  +0.000005  -1.040623
  +0.000005  -1.042407
  +0.000006  -1.044191
  +0.000006  -1.045973
  +0.000006  -1.047755
  +0.000006  -1.049535
  +0.000006  -1.051314
  +0.000006  -1.053090
  +0.000006  -1.054865
  +0.000006  -1.056637
  +0.000006  -1.058408
  +0.000006  -1.060176
  +0.000006  -1.061941
  +0.000006  -1.063706
  +0.000006  -1.065469
  +0.000006  -1.067230
  +0.000006  -1.068990
  +0.000007  -1.070748
  +0.000007  -1.072503
  +0.000007  -1.074257
  +0.000007  -1.076009
  +0.000007  -1.077759
  +0.000007  -1.079507
  +0.000007  -1.081252
  +0.000007  -1.082995
  +0.000007  -1.084735
  +0.000007  -1.086474
  +0.000007  -1.088210
  +0.000007  -1.089944
  +0.000007  -1.091675
  +0.000007  -1.093404
  +0.000008  -1.095129
  +0.000008  -1.096852
  +0.000008  -1.098573
  +0.000008  -1.100291
  +0.000008  -1.102006
  +0.000008  -1.103719
  +0.000008  -1.105426
  +0.000008  -1.107133
  +0.000008  -1.108836
  +0.000008  -1.110535
  +0.000008  -1.112233
  +0.000008  -1.113927
  +0.000009  -1.115619
  +0.000009  -1.117308
  +0.000009  -1.118994
  +0.000009  -1.120675
  +0.000009  -1.122354
  +0.000009  -1.124030
  +0.000009  -1.125703
  +0.000009  -1.127372
  +0.000009  -1.129034
  +0.000009  -1.130693
  +0.000009  -1.132348
  +0.000009  -1.133999
  +0.000010  -1.135645
  +0.000010  -1.137287
  +0.000010  -1.138927
  +0.000010  -1.140562
  +0.000010  -1.142193
  +0.000010  -1.143819
  +0.000010  -1.145440
  +0.000010  -1.147057
  +0.000010  -1.148669
  +0.000010  -1.150276
  +0.000011  -1.151878
  +0.000011  -1.153475
  +0.000011  -1.155067
  +0.000011  -1.156654
  +0.000011  -1.158236
  +0.000011  -1.159814
  +0.000011  -1.161386
  +0.000011  -1.162952
  +0.000011  -1.164513
  +0.000012  -1.166069
  +0.000012  -1.167617
  +0.000012  -1.169161
  +0.000012  -1.170701
  +0.000012  -1.172235
  +0.000012  -1.173764
  +0.000012  -1.175288
  +0.000012  -1.176806
  +0.000012  -1.178318
  +0.000013  -1.179825
  +0.000013  -1.181326
  +0.000013  -1.182820
  +0.000013  -1.184307
  +0.000013  -1.185788
  +0.000013  -1.187262
  +0.000013  -1.188731
  +0.000013  -1.190191
  +0.000013  -1.191647
  +0.000014  -1.193098
  +0.000014  -1.194543
  +0.000014  -1.195982
  +0.000014  -1.197415
  +0.000014  -1.198842
  +0.000014  -1.200263
  +0.000014  -1.201678
  +0.000014  -1.203086
  +0.000015  -1.204487
  +0.000015  -1.205883
  +0.000015  -1.207272
  +0.000015  -1.208656
  +0.000015  -1.210035
  +0.000015  -1.211407
  +0.000015  -1.212775
  +0.000016  -1.214137
  +0.000016  -1.215494
  +0.000016  -1.216846
  +0.000016  -1.218191
  +0.000016  -1.219531
  +0.000016  -1.220866
  +0.000016  -1.222195
  +0.000017  -1.223519
  +0.000017  -1.224836
  +0.000017  -1.226148
  +0.000017  -1.227454
  +0.000017  -1.228755
  +0.000017  -1.230050
  +0.000017  -1.231340
  +0.000018  -1.232628
  +0.000018  -1.233911
  +0.000018  -1.235190
  +0.000018  -1.236465
  +0.000018  -1.237736
  +0.000018  -1.239002
  +0.000018  -1.240264
  +0.000019  -1.241522
  +0.000019  -1.242776
  +0.000019  -1.244027
  +0.000019  -1.245275
  +0.000019  -1.246520
  +0.000019  -1.247762
  +0.000020  -1.249000
  +0.000020  -1.250236
  +0.000020  -1.251469
  +0.000020  -1.252702
  +0.000020  -1.253932
  +0.000020  -1.255160
  +0.000021  -1.256385
  +0.000021  -1.257609
  +0.000021  -1.258831
  +0.000021  -1.260052
  +0.000021  -1.261271
  +0.000021  -1.262488
  +0.000022  -1.263704
  +0.000022  -1.264919
  +0.000022  -1.266133
  +0.000022  -1.267345
  +0.000022  -1.268556
  +0.000023  -1.269768
  +0.000023  -1.270979
  +0.000023  -1.272189
  +0.000023  -1.273400
  +0.000023  -1.274609
  +0.000024  -1.275819
  +0.000024  -1.277029
  +0.000024  -1.278240
  +0.000024  -1.279450
  +0.000024  -1.280661
  +0.000024  -1.281872
  +0.000025  -1.283083
  +0.000025  -1.284294
  +0.000025  -1.285506
  +0.000025  -1.286719
  +0.000025  -1.287933
  +0.000026  -1.289149
  +0.000026  -1.290365
  +0.000026  -1.291584
  +0.000026  -1.292804
  +0.000026  -1.294025
  +0.000027  -1.295250
  +0.000027  -1.296476
  +0.000027  -1.297704
  +0.000027  -1.298935
  +0.000028  -1.300168
  +0.000028  -1.301402
  +0.000028  -1.302639
  +0.000028  -1.303879
  +0.000028  -1.305121
  +0.000029  -1.306366
  +0.000029  -1.307614
  +0.000029  -1.308865
  +0.000029  -1.310120
  +0.000030  -1.311378
  +0.000030  -1.312639
  +0.000030  -1.313903
  +0.000030  -1.315170
  +0.000030  -1.316441
  +0.000031  -1.317717
  +0.000031  -1.318997
  +0.000031  -1.320280
  +0.000031  -1.321567
  +0.000032  -1.322859
  +0.000032  -1.324156
  +0.000032  -1.325457
  +0.000032  -1.326761
  +0.000033  -1.328069
  +0.000033  -1.329380
  +0.000033  -1.330696
  +0.000033  -1.332016
  +0.000034  -1.333340
  +0.000034  -1.334669
  +0.000034  -1.336001
  +0.000034  -1.337337
  +0.000035  -1.338675
  +0.000035  -1.340020
  +0.000035  -1.341369
  +0.000035  -1.342722
  +0.000036  -1.344078
  +0.000036  -1.345440
  +0.000036  -1.346806
  +0.000036  -1.348176
  +0.000037  -1.349550
  +0.000037  -1.350927
  +0.000037  -1.352307
  +0.000038  -1.353690
  +0.000038  -1.355077
  +0.000038  -1.356469
  +0.000038  -1.357863
  +0.000039  -1.359261
  +0.000039  -1.360661
  +0.000039  -1.362063
  +0.000040  -1.363468
  +0.000040  -1.364876
  +0.000040  -1.366285
  +0.000040  -1.367697
  +0.000041  -1.369110
  +0.000041  -1.370526
  +0.000041  -1.371942
  +0.000042  -1.373360
  +0.000042  -1.374778
  +0.000042  -1.376197
  +0.000043  -1.377617
  +0.000043  -1.379036
  +0.000043  -1.380455
  +0.000044  -1.381873
  +0.000044  -1.383291
  +0.000044  -1.384709
  +0.000044  -1.386126
  +0.000045  -1.387542
  +0.000045  -1.388959
  +0.000045  -1.390376
  +0.000046  -1.391793
  +0.000046  -1.393210
  +0.000046  -1.394630
  +0.000047  -1.396050
  +0.000047  -1.397471
  +0.000047  -1.398894
  +0.000048  -1.400317
  +0.000048  -1.401743
  +0.000049  -1.403172
  +0.000049  -1.404603
  +0.000049  -1.406036
  +0.000050  -1.407472
  +0.000050  -1.408911
  +0.000050  -1.410354
  +0.000051  -1.411800
  +0.000051  -1.413250
  +0.000051  -1.414705
  +0.000052  -1.416163
  +0.000052  -1.417626
  +0.000052  -1.419094
  +0.000053  -1.420569
  +0.000053  -1.422049
  +0.000054  -1.423535
  +0.000054  -1.425028
  +0.000054  -1.426527
  +0.000055  -1.428033
  +0.000055  -1.429546
  +0.000056  -1.431068
  +0.000056  -1.432597
  +0.000056  -1.434134
  +0.000057  -1.435681
  +0.000057  -1.437237
  +0.000058  -1.438803
  +0.000058  -1.440379
  +0.000058  -1.441964
  +0.000059  -1.443560
  +0.000059  -1.445169
  +0.000060  -1.446791
  +0.000060  -1.448425
  +0.000060  -1.450071
  +0.000061  -1.451730
  +0.000061  -1.453399
  +0.000062  -1.455083
  +0.000062  -1.456782
  +0.000063  -1.458495
  +0.000063  -1.460221
  +0.000064  -1.461961
  +0.000064  -1.463716
  +0.000064  -1.465484
  +0.000065  -1.467266
  +0.000065  -1.469062
  +0.000066  -1.470873
  +0.000066  -1.472698
  +0.000067  -1.474537
  +0.000067  -1.476390
  +0.000068  -1.478258
  +0.000068  -1.480140
  +0.000069  -1.482037
  +0.000069  -1.483948
  +0.000070  -1.485872
  +0.000070  -1.487813
  +0.000071  -1.489768
  +0.000071  -1.491737
  +0.000072  -1.493721
  +0.000072  -1.495719
  +0.000073  -1.497731
  +0.000073  -1.499756
  +0.000074  -1.501794
  +0.000074  -1.503845
  +0.000075  -1.505909
  +0.000075  -1.507985
  +0.000076  -1.510073
  +0.000076  -1.512171
  +0.000077  -1.514283
  +0.000078  -1.516405
  +0.000078  -1.518539
  +0.000079  -1.520683
  +0.000079  -1.522837
  +0.000080  -1.525000
  +0.000080  -1.527174
  +0.000081  -1.529358
  +0.000081  -1.531550
  +0.000082  -1.533751
  +0.000083  -1.535961
  +0.000083  -1.538179
  +0.000084  -1.540406
  +0.000084  -1.542639
  +0.000085  -1.544881
  +0.000086  -1.547130
  +0.000086  -1.549387
  +0.000087  -1.551651
  +0.000088  -1.553922
  +0.000088  -1.556198
  +0.000089  -1.558482
  +0.000090  -1.560772
  +0.000090  -1.563069
  +0.000091  -1.565371
  +0.000092  -1.567678
  +0.000092  -1.569991
  +0.000093  -1.572311
  +0.000094  -1.574636
  +0.000094  -1.576966
  +0.000095  -1.579300
  +0.000096  -1.581640
  +0.000096  -1.583983
  +0.000097  -1.586332
  +0.000098  -1.588685
  +0.000099  -1.591042
  +0.000099  -1.593403
  +0.000100  -1.595767
  +0.000101  -1.598136
  +0.000102  -1.600508
  +0.000102  -1.602883
  +0.000103  -1.605262
  +0.000104  -1.607644
  +0.000105  -1.610029
  +0.000105  -1.612417
  +0.000106  -1.614808
  +0.000107  -1.617202
  +0.000108  -1.619598
  +0.000109  -1.621997
  +0.000109  -1.624398
  +0.000110  -1.626802
  +0.000111  -1.629209
  +0.000112  -1.631619
  +0.000113  -1.634031
  +0.000114  -1.636445
  +0.000115  -1.638861
  +0.000115  -1.641279
  +0.000116  -1.643699
  +0.000117  -1.646121
  +0.000118  -1.648545
  +0.000119  -1.650971
  +0.000120  -1.653400
  +0.000121  -1.655830
  +0.000122  -1.658262
  +0.000123  -1.660695
  +0.000124  -1.663129
  +0.000125  -1.665565
  +0.000126  -1.668001
  +0.000127  -1.670438
  +0.000128  -1.672877
  +0.000129  -1.675317
  +0.000130  -1.677758
  +0.000131  -1.680199
  +0.000132  -1.682641
  +0.000133  -1.685084
  +0.000134  -1.687526
  +0.000135  -1.689969
  +0.000136  -1.692414
  +0.000137  -1.694859
  +0.000138  -1.697305
  +0.000139  -1.699752
  +0.000140  -1.702198
  +0.000141  -1.704645
  +0.000142  -1.707091
  +0.000143  -1.709537
  +0.000145  -1.711982
  +0.000146  -1.714428
  +0.000147  -1.716873
  +0.000148  -1.719320
  +0.000149  -1.721766
  +0.000150  -1.724212
  +0.000152  -1.726657
  +0.000153  -1.729102
  +0.000154  -1.731545
  +0.000155  -1.733988
  +0.000157  -1.736430
  +0.000158  -1.738871
  +0.000159  -1.741310
  +0.000160  -1.743749
  +0.000162  -1.746185
  +0.000163  -1.748621
  +0.000164  -1.751054
  +0.000166  -1.753488
  +0.000167  -1.755920
  +0.000168  -1.758350
  +0.000170  -1.760778
  +0.000171  -1.763206
  +0.000172  -1.765632
  +0.000174  -1.768056
  +0.000175  -1.770477
  +0.000177  -1.772896
  +0.000178  -1.775312
  +0.000180  -1.777726
  +0.000181  -1.780137
  +0.000183  -1.782546
  +0.000184  -1.784952
  +0.000186  -1.787356
  +0.000187  -1.789755
  +0.000189  -1.792152
  +0.000190  -1.794545
  +0.000192  -1.796934
  +0.000193  -1.799320
  +0.000195  -1.801702
  +0.000197  -1.804081
  +0.000198  -1.806455
  +0.000200  -1.808825
  +0.000201  -1.811190
  +0.000203  -1.813552
  +0.000205  -1.815909
  +0.000206  -1.818261
  +0.000208  -1.820607
  +0.000210  -1.822949
  +0.000212  -1.825285
  +0.000213  -1.827615
  +0.000215  -1.829939
  +0.000217  -1.832257
  +0.000219  -1.834569
  +0.000221  -1.836873
  +0.000222  -1.839172
  +0.000224  -1.841462
  +0.000226  -1.843747
  +0.000228  -1.846023
  +0.000230  -1.848292
  +0.000232  -1.850551
  +0.000234  -1.852803
  +0.000236  -1.855045
  +0.000238  -1.857278
  +0.000240  -1.859501
  +0.000242  -1.861712
  +0.000244  -1.863911
  +0.000246  -1.866098
  +0.000248  -1.868273
  +0.000250  -1.870433
  +0.000252  -1.872578
  +0.000254  -1.874706
  +0.000256  -1.876816
  +0.000258  -1.878908
  +0.000260  -1.880979
  +0.000262  -1.883027
  +0.000265  -1.885050
  +0.000267  -1.887044
  +0.000269  -1.889007
  +0.000271  -1.890934
  +0.000274  -1.892819
  +0.000276  -1.894658
  +0.000278  -1.896447
  +0.000280  -1.898177
  +0.000283  -1.899842
  +0.000285  -1.901431
  +0.000287  -1.902935
  +0.000290  -1.904340
  +0.000292  -1.905628
  +0.000295  -1.906780
  +0.000297  -1.907787
  +0.000299  -1.908627
  +0.000302  -1.909292
  +0.000304  -1.909790
  +0.000307  -1.910168
  +0.000309  -1.910497
  +0.000312  -1.910876
  +0.000314  -1.911376
  +0.000317  -1.912036
  +0.000319  -1.912871
  +0.000322  -1.913870
  +0.000325  -1.915017
  +0.000327  -1.916298
  +0.000330  -1.917694
  +0.000332  -1.919191
  +0.000335  -1.920775
  +0.000338  -1.922436
  +0.000340  -1.924165
  +0.000343  -1.925956
  +0.000346  -1.927800
  +0.000348  -1.929693
  +0.000351  -1.931631
  +0.000354  -1.933609
  +0.000356  -1.935621
  +0.000359  -1.937669
  +0.000362  -1.939750
  +0.000365  -1.941860
  +0.000368  -1.943996
  +0.000371  -1.946158
  +0.000373  -1.948343
  +0.000376  -1.950550
  +0.000379  -1.952778
  +0.000382  -1.955026
  +0.000385  -1.957292
  +0.000388  -1.959575
  +0.000391  -1.961876
  +0.000394  -1.964193
  +0.000397  -1.966526
  +0.000400  -1.968874
  +0.000404  -1.971237
  +0.000407  -1.973613
  +0.000410  -1.976001
  +0.000413  -1.978400
  +0.000416  -1.980813
  +0.000420  -1.983237
  +0.000423  -1.985672
  +0.000426  -1.988118
  +0.000430  -1.990573
  +0.000433  -1.993038
  +0.000436  -1.995513
  +0.000440  -1.997997
  +0.000443  -2.000491
  +0.000447  -2.002993
  +0.000450  -2.005503
  +0.000454  -2.008021
  +0.000457  -2.010548
  +0.000461  -2.013082
  +0.000465  -2.015623
  +0.000468  -2.018172
  +0.000472  -2.020728
  +0.000476  -2.023290
  +0.000480  -2.025859
  +0.000483  -2.028435
  +0.000487  -2.031019
  +0.000491  -2.033610
  +0.000495  -2.036207
  +0.000499  -2.038809
  +0.000503  -2.041418
  +0.000507  -2.044033
  +0.000511  -2.046654
  +0.000515  -2.049280
  +0.000519  -2.051912
  +0.000523  -2.054549
  +0.000527  -2.057190
  +0.000532  -2.059836
  +0.000536  -2.062488
  +0.000540  -2.065144
  +0.000545  -2.067805
  +0.000549  -2.070470
  +0.000553  -2.073139
  +0.000558  -2.075812
  +0.000562  -2.078489
  +0.000567  -2.081169
  +0.000572  -2.083853
  +0.000576  -2.086541
  +0.000581  -2.089233
  +0.000586  -2.091929
  +0.000590  -2.094627
  +0.000595  -2.097328
  +0.000600  -2.100033
  +0.000605  -2.102740
  +0.000610  -2.105449
  +0.000615  -2.108161
  +0.000620  -2.110878
  +0.000625  -2.113598
  +0.000630  -2.116320
  +0.000635  -2.119044
  +0.000640  -2.121771
  +0.000646  -2.124499
  +0.000651  -2.127230
  +0.000656  -2.129963
  +0.000662  -2.132697
  +0.000667  -2.135432
  +0.000673  -2.138170
  +0.000678  -2.140908
  +0.000684  -2.143648
  +0.000689  -2.146390
  +0.000695  -2.149133
  +0.000701  -2.151877
  +0.000707  -2.154623
  +0.000712  -2.157370
  +0.000718  -2.160118
  +0.000724  -2.162867
  +0.000730  -2.165616
  +0.000736  -2.168366
  +0.000743  -2.171116
  +0.000749  -2.173866
  +0.000755  -2.176617
  +0.000761  -2.179368
  +0.000768  -2.182120
  +0.000774  -2.184871
  +0.000781  -2.187621
  +0.000787  -2.190371
  +0.000794  -2.193122
  +0.000800  -2.195872
  +0.000807  -2.198622
  +0.000814  -2.201371
  +0.000821  -2.204119
  +0.000828  -2.206866
  +0.000835  -2.209611
  +0.000842  -2.212354
  +0.000849  -2.215098
  +0.000856  -2.217841
  +0.000863  -2.220583
  +0.000870  -2.223323
  +0.000878  -2.226061
  +0.000885  -2.228797
  +0.000893  -2.231530
  +0.000900  -2.234260
  +0.000908  -2.236989
  +0.000915  -2.239716
  +0.000923  -2.242441
  +0.000931  -2.245163
  +0.000939  -2.247882
  +0.000947  -2.250599
  +0.000955  -2.253311
  +0.000963  -2.256021
  +0.000971  -2.258729
  +0.000980  -2.261433
  +0.000988  -2.264134
  +0.000996  -2.266830
  +0.001005  -2.269523
  +0.001013  -2.272214
  +0.001022  -2.274900
  +0.001031  -2.277583
  +0.001040  -2.280260
  +0.001049  -2.282932
  +0.001058  -2.285599
  +0.001067  -2.288261
  +0.001076  -2.290918
  +0.001085  -2.293567
  +0.001094  -2.296211
  +0.001104  -2.298851
  +0.001113  -2.301484
  +0.001123  -2.304111
  +0.001132  -2.306732
  +0.001142  -2.309346
  +0.001152  -2.311954
  +0.001161  -2.314556
  +0.001171  -2.317152
  +0.001181  -2.319741
  +0.001192  -2.322324
  +0.001202  -2.324900
  +0.001212  -2.327470
  +0.001222  -2.330033
  +0.001233  -2.332590
  +0.001243  -2.335142
  +0.001254  -2.337687
  +0.001265  -2.340226
  +0.001276  -2.342760
  +0.001287  -2.345287
  +0.001298  -2.347809
  +0.001309  -2.350325
  +0.001320  -2.352835
  +0.001331  -2.355340
  +0.001343  -2.357841
  +0.001354  -2.360337
  +0.001366  -2.362829
  +0.001377  -2.365317
  +0.001389  -2.367801
  +0.001401  -2.370282
  +0.001413  -2.372760
  +0.001425  -2.375236
  +0.001437  -2.377710
  +0.001450  -2.380182
  +0.001462  -2.382654
  +0.001474  -2.385126
  +0.001487  -2.387597
  +0.001500  -2.390070
  +0.001513  -2.392543
  +0.001526  -2.395020
  +0.001539  -2.397500
  +0.001552  -2.399983
  +0.001565  -2.402471
  +0.001579  -2.404964
  +0.001592  -2.407464
  +0.001606  -2.409970
  +0.001620  -2.412485
  +0.001633  -2.415007
  +0.001648  -2.417539
  +0.001662  -2.420080
  +0.001676  -2.422634
  +0.001691  -2.425201
  +0.001705  -2.427781
  +0.001720  -2.430375
  +0.001735  -2.432984
  +0.001750  -2.435610
  +0.001765  -2.438254
  +0.001781  -2.440915
  +0.001796  -2.443598
  +0.001812  -2.446303
  +0.001828  -2.449032
  +0.001844  -2.451786
  +0.001860  -2.454567
  +0.001877  -2.457378
  +0.001893  -2.460218
  +0.001910  -2.463093
  +0.001927  -2.466003
  +0.001945  -2.468950
  +0.001962  -2.471935
  +0.001980  -2.474961
  +0.001998  -2.478028
  +0.002016  -2.481139
  +0.002035  -2.484295
  +0.002054  -2.487498
  +0.002073  -2.490748
  +0.002092  -2.494046
  +0.002112  -2.497391
  +0.002132  -2.500787
  +0.002152  -2.504233
  +0.002173  -2.507726
  +0.002194  -2.511264
  +0.002215  -2.514846
  +0.002237  -2.518468
  +0.002259  -2.522127
  +0.002281  -2.525816
  +0.002304  -2.529530
  +0.002327  -2.533266
  +0.002350  -2.537021
  +0.002374  -2.540790
  +0.002398  -2.544571
  +0.002422  -2.548361
  +0.002447  -2.552159
  +0.002473  -2.555961
  +0.002498  -2.559769
  +0.002525  -2.563579
  +0.002552  -2.567392
  +0.002579  -2.571205
  +0.002607  -2.575018
  +0.002636  -2.578828
  +0.002665  -2.582634
  +0.002695  -2.586433
  +0.002726  -2.590223
  +0.002758  -2.594003
  +0.002790  -2.597772
  +0.002824  -2.601528
  +0.002858  -2.605269
  +0.002893  -2.608995
  +0.002929  -2.612702
  +0.002966  -2.616390
  +0.003004  -2.620056
  +0.003044  -2.623698
  +0.003084  -2.627314
  +0.003126  -2.630902
  +0.003170  -2.634461
  +0.003215  -2.637990
  +0.003262  -2.641488
  +0.003310  -2.644955
  +0.003361  -2.648390
  +0.003413  -2.651792
  +0.003468  -2.655161
  +0.003526  -2.658496
  +0.003586  -2.661798
  +0.003650  -2.665066
  +0.003717  -2.668300
  +0.003788  -2.671499
  +0.003864  -2.674661
  +0.003944  -2.677786
  +0.004030  -2.680877
  +0.004122  -2.683931
  +0.004222  -2.686947
  +0.004330  -2.689927
  +0.004447  -2.692873
  +0.004575  -2.695788
  +0.004715  -2.698676
  +0.004870  -2.701546
  +0.005040  -2.704408
  +0.005229  -2.707277
  +0.005437  -2.710174
  +0.005667  -2.713122
  +0.005919  -2.716146
  +0.006192  -2.719272
  +0.006487  -2.722522
  +0.006798  -2.725907
  +0.007123  -2.729432
  +0.007456  -2.733092
  +0.007794  -2.736871
  +0.008132  -2.740753
  +0.008466  -2.744721
  +0.008794  -2.748757
  +0.009115  -2.752847
  +0.009427  -2.756980
  +0.009729  -2.761147
  +0.010022  -2.765341
  +0.010305  -2.769556
  +0.010578  -2.773789
  +0.010841  -2.778036
  +0.011096  -2.782296
  +0.011341  -2.786565
  +0.011578  -2.790841
  +0.011807  -2.795124
  +0.012029  -2.799413
  +0.012243  -2.803706
  +0.012450  -2.808005
  +0.012650  -2.812309
  +0.012844  -2.816619
  +0.013032  -2.820935
  +0.013214  -2.825260
  +0.013391  -2.829593
  +0.013563  -2.833938
  +0.013730  -2.838292
  +0.013893  -2.842658
  +0.014051  -2.847034
  +0.014205  -2.851423
  +0.014356  -2.855827
  +0.014502  -2.860246
  +0.014646  -2.864680
  +0.014786  -2.869132
  +0.014923  -2.873602
  +0.015057  -2.878092
  +0.015188  -2.882603
  +0.015317  -2.887136
  +0.015444  -2.891692
  +0.015568  -2.896271
  +0.015690  -2.900873
  +0.015811  -2.905499
  +0.015930  -2.910148
  +0.016047  -2.914819
  +0.016163  -2.919511
  +0.016277  -2.924226
  +0.016390  -2.928961
  +0.016502  -2.933716
  +0.016613  -2.938490
  +0.016723  -2.943279
  +0.016833  -2.948088
  +0.016942  -2.952912
  +0.017050  -2.957752
  +0.017158  -2.962606
  +0.017266  -2.967475
  +0.017373  -2.972360
  +0.017480  -2.977260
  +0.017588  -2.982177
  +0.017696  -2.987110
  +0.017803  -2.992058
  +0.017912  -2.997029
  +0.018021  -3.002019
  +0.018130  -3.007030
  +0.018240  -3.012062
  +0.018351  -3.017116
  +0.018463  -3.022193
  +0.018576  -3.027292
  +0.018690  -3.032415
  +0.018806  -3.037563
  +0.018922  -3.042736
  +0.019041  -3.047936
  +0.019161  -3.053161
  +0.019282  -3.058415
  +0.019406  -3.063700
  +0.019531  -3.069015
  +0.019658  -3.074362
  +0.019788  -3.079744
  +0.019919  -3.085159
  +0.020053  -3.090610
  +0.020189  -3.096095
  +0.020328  -3.101616
  +0.020469  -3.107173
  +0.020612  -3.112765
  +0.020758  -3.118395
  +0.020907  -3.124062
  +0.021058  -3.129766
  +0.021212  -3.135507
  +0.021369  -3.141287
  +0.021529  -3.147104
  +0.021692  -3.152957
  +0.021858  -3.158847
  +0.022027  -3.164772
  +0.022200  -3.170730
  +0.022375  -3.176721
  +0.022555  -3.182744
  +0.022737  -3.188799
  +0.022923  -3.194884
  +0.023113  -3.201005
  +0.023306  -3.207161
  +0.023504  -3.213351
  +0.023705  -3.219576
  +0.023910  -3.225835
  +0.024119  -3.232130
  +0.024333  -3.238459
  +0.024551  -3.244826
  +0.024773  -3.251230
  +0.025000  -3.257673
  +0.025231  -3.264155
  +0.025468  -3.270674
  +0.025709  -3.277233
  +0.025955  -3.283829
  +0.026206  -3.290463
  +0.026463  -3.297133
  +0.026725  -3.303840
  +0.026992  -3.310583
  +0.027266  -3.317363
  +0.027545  -3.324181
  +0.027830  -3.331040
  +0.028121  -3.337940
  +0.028418  -3.344885
  +0.028722  -3.351875
  +0.029032  -3.358912
  +0.029349  -3.366001
  +0.029673  -3.373140
  +0.030004  -3.380332
  +0.030343  -3.387578
  +0.030689  -3.394879
  +0.031043  -3.402234
  +0.031405  -3.409642
  +0.031775  -3.417103
  +0.032153  -3.424615
  +0.032540  -3.432180
  +0.032936  -3.439799
  +0.033341  -3.447475
  +0.033755  -3.455208
  +0.034179  -3.463002
  +0.034613  -3.470859
  +0.035056  -3.478781
  +0.035509  -3.486771
  +0.035973  -3.494836
  +0.036446  -3.502981
  +0.036930  -3.511211
  +0.037425  -3.519529
  +0.037930  -3.527940
  +0.038447  -3.536445
  +0.038974  -3.545047
  +0.039512  -3.553746
  +0.040062  -3.562543
  +0.040624  -3.571444
  +0.041197  -3.580456
  +0.041783  -3.589586
  +0.042381  -3.598846
  +0.042991  -3.608247
  +0.043615  -3.617800
  +0.044252  -3.627515
  +0.044902  -3.637388
  +0.045566  -3.647411
  +0.046245  -3.657573
  +0.046938  -3.667860
  +0.047647  -3.678259
  +0.048371  -3.688753
  +0.049112  -3.699326
  +0.049870  -3.709961
  +0.050645  -3.720643
  +0.051439  -3.731357
  +0.052251  -3.742086
  +0.053083  -3.752815
  +0.053935  -3.763543
  +0.054807  -3.774280
  +0.055699  -3.785034
  +0.056613  -3.795815
  +0.057549  -3.806630
  +0.058508  -3.817483
  +0.059489  -3.828382
  +0.060494  -3.839333
  +0.061523  -3.850341
  +0.062577  -3.861411
  +0.063656  -3.872550
  +0.064762  -3.883759
  +0.065896  -3.895040
  +0.067057  -3.906376
  +0.068248  -3.917753
  +0.069469  -3.929155
  +0.070720  -3.940571
  +0.072004  -3.951986
  +0.073320  -3.963385
  +0.074669  -3.974758
  +0.076052  -3.986096
  +0.077470  -3.997394
  +0.078924  -4.008648
  +0.080413  -4.019857
  +0.081939  -4.031023
  +0.083502  -4.042163
  +0.085103  -4.053291
  +0.086743  -4.064414
  +0.088421  -4.075542
  +0.090140  -4.086681
  +0.091899  -4.097837
  +0.093701  -4.109014
  +0.095546  -4.120221
  +0.097436  -4.131466
  +0.099371  -4.142761
  +0.101353  -4.154119
  +0.103383  -4.165553
  +0.105462  -4.177071
  +0.107592  -4.188675
  +0.109774  -4.200363
  +0.112009  -4.212134
  +0.114300  -4.223990
  +0.116647  -4.235926
  +0.119052  -4.247941
  +0.121516  -4.260029
  +0.124043  -4.272188
  +0.126633  -4.284412
  +0.129288  -4.296701
  +0.132011  -4.309052
  +0.134804  -4.321468
  +0.137668  -4.333953
  +0.140606  -4.346513
  +0.143621  -4.359155
  +0.146714  -4.371889
  +0.149887  -4.384723
  +0.153144  -4.397663
  +0.156487  -4.410717
  +0.159918  -4.423893
  +0.163439  -4.437197
  +0.167054  -4.450633
  +0.170766  -4.464203
  +0.174577  -4.477907
  +0.178492  -4.491738
  +0.182513  -4.505688
  +0.186644  -4.519746
  +0.190890  -4.533903
  +0.195255  -4.548150
  +0.199743  -4.562482
  +0.204359  -4.576893
  +0.209107  -4.591377
  +0.213993  -4.605932
  +0.219019  -4.620554
  +0.224191  -4.635244
  +0.229514  -4.650008
  +0.234993  -4.664860
  +0.240632  -4.679809
  +0.246438  -4.694863
  +0.252417  -4.710027
  +0.258575  -4.725307
  +0.264920  -4.740710
  +0.271458  -4.756244
  +0.278199  -4.771917
  +0.285149  -4.787735
  +0.292320  -4.803707
  +0.299719  -4.819826
  +0.307358  -4.836068
  +0.315248  -4.852409
  +0.323399  -4.868821
  +0.331823  -4.885277
  +0.340531  -4.901750
  +0.349533  -4.918212
  +0.358840  -4.934635
  +0.368462  -4.950992
  +0.378411  -4.967258
  +0.388695  -4.983412
  +0.399325  -4.999440
  +0.410308  -5.015344
  +0.421653  -5.031130
  +0.433369  -5.046802
  +0.445461  -5.062364
  +0.457937  -5.077818
  +0.470804  -5.093166
  +0.484071  -5.108410
  +0.497744  -5.123552
  +0.511831  -5.138597
  +0.526341  -5.153550
  +0.541281  -5.168420
  +0.556660  -5.183215
  +0.572482  -5.197945
  +0.588757  -5.212620
  +0.605493  -5.227254
  +0.622697  -5.241855
  +0.640378  -5.256431
  +0.658548  -5.270991
  +0.677218  -5.285544
  +0.696400  -5.300099
  +0.716105  -5.314663
  +0.736349  -5.329238
  +0.757146  -5.343833
  +0.778511  -5.358454
  +0.800463  -5.373112
  +0.823020  -5.387812
  +0.846202  -5.402565
  +0.870029  -5.417376
  +0.894525  -5.432257
  +0.919712  -5.447216
  +0.945613  -5.462258
  +0.972253  -5.477396
  +0.999658  -5.492639
  +1.027855  -5.507993
  +1.056875  -5.523464
  +1.086749  -5.539060
  +1.117513  -5.554787
  +1.149202  -5.570653
  +1.181854  -5.586663
  +1.215508  -5.602823
  +1.250207  -5.619138
  +1.285992  -5.635615
  +1.322912  -5.652256
  +1.361016  -5.669063
  +1.400358  -5.686019
  +1.440997  -5.703088
  +1.482989  -5.720233
  +1.526392  -5.737420
  +1.571260  -5.754613
  +1.617645  -5.771776
  +1.665599  -5.788875
  +1.715174  -5.805881
  +1.766418  -5.822770
  +1.819380  -5.839527
  +1.874101  -5.856133
  +1.930622  -5.872574
  +1.988980  -5.888837
  +2.049209  -5.904916
  +2.111345  -5.920807
  +2.175418  -5.936510
  +2.241456  -5.952018
  +2.309486  -5.967335
  +2.379538  -5.982475
  +2.451640  -5.997447
  +2.525823  -6.012263
  +2.602119  -6.026928
  +2.680561  -6.041453
  +2.761180  -6.055845
  +2.844011  -6.070114
  +2.929086  -6.084267
  +3.016445  -6.098311
  +3.106127  -6.112252
  +3.198169  -6.126095
  +3.292608  -6.139845
  +3.389483  -6.153508
  +3.488829  -6.167087
  +3.590683  -6.180582
  +3.695085  -6.193992
  +3.802093  -6.207319
  +3.911743  -6.220569
  +4.024087  -6.233746
  +4.139171  -6.246854
  +4.257041  -6.259892
  +4.377742  -6.272863
  +4.501320  -6.285770
  +4.627816  -6.298612
  +4.757271  -6.311390
  +4.889743  -6.324105
  +5.025300  -6.336762
  +5.164020  -6.349366
  +5.305981  -6.361926
  +5.451262  -6.374448
  +5.599942  -6.386938
  +5.752104  -6.399402
  +5.907834  -6.411845
  +6.067229  -6.424273
  +6.230389  -6.436692
  +6.397420  -6.449103
  +6.568435  -6.461504
  +6.743561  -6.473900
  +6.922924  -6.486295
  +7.106649  -6.498694
  +7.294854  -6.511099
  +7.487671  -6.523514
  +7.685239  -6.535942
  +7.887700  -6.548386
  +8.095205  -6.560849
  +8.307919  -6.573330
  +8.526021  -6.585831
  +8.749696  -6.598349
  +8.979147  -6.610886
  +9.214585  -6.623441
  +9.456233  -6.636018
  +9.704326  -6.648617
  +9.959105  -6.661236
  +10.220836  -6.673876
  +10.489808  -6.686540
  +10.766320  -6.699229
  +11.050677  -6.711941
  +11.343198  -6.724668
  +11.644210  -6.737402
  +11.954031  -6.750137
  +12.272967  -6.762866
  +12.601332  -6.775587
  +12.939446  -6.788294
  +13.287628  -6.800983
  +13.646203  -6.813650
  +14.015503  -6.826287
